        11       -21        86
        14     -10.5      83.5
      22.5        -9      82.8
        32     -10.5      82.3
        55     -14.5        43
        59.5   -14.5        43
        64     -14.5      47.5
        59.5  -16.35        52
        55     -18.2      47.5
        59.5   -18.2        43
        64     -18.2        43
      76.5     -19.2        49
        81       -28      46.5
      71.5     -34.3        46
      67.5       -24        45
      75.5       -20      43.5
        81       -28        42
      72.3     -35.5      41.5
      52.5       -40      36.3
      31.5     -43.5        36
      21.5     -54.5      36.2
      33.2     -57.5      36.5
      50.7     -57.5      36.2
      67.5       -58        26
        77       -55        26
      76.3     -47.5      25.2
        77       -29      22.5
      76.5     -20.3        21
      64.5        -6      20.5
      53.2       -19      18.2
        53     -37.5      17.5
        56     -59.2      14.2
      56.5     -71.2      14.1
      56.5        -81      13.5
        54     -90.5      12.2
        43     -90.5        11
        25       -91      10.2
      15.5       -90      10.2
      12.5       -84      10.5
        11       -72        10